2.447
2.526
2.588
2.647
2.746
2.767
2.86
2.912
2.99
3.079
3.159
3.21
3.292
3.343
3.425
3.451
3.489
3.498
3.572
3.591
3.66
3.719
3.779
3.862
3.969
4.058
4.115
4.116
4.118
4.118
4.117
4.119
4.169
4.219
4.268
4.346
4.43
4.497
4.513
4.528
4.531
4.51
4.486
4.479
4.476
4.478
4.507
4.556
4.558
4.568
4.574
4.564
4.554
4.517
4.505
4.473
4.459
4.424
4.387
4.37
4.338
4.276
4.209
4.157
4.128
4.06
4.006
3.984
3.917
3.896
3.839
3.78
3.729
3.642
3.564
3.476
3.393
3.303
3.179
3.09
2.998
2.918
2.834
2.769
2.686
2.631
2.557
2.478
2.373
2.305
2.2
2.114
2.028
1.936
1.883
1.823
1.739
1.663
1.601
1.548
1.468
1.386
1.337
1.288
1.24
1.214
1.196
1.17
1.156
1.139
1.107
1.081
1.028
1.02
0.989
0.96
0.951
0.906
0.927
0.957
0.987
1.019
1.097
1.075
1.11
1.109
1.112
1.137
1.172
1.238
1.237
1.309
1.35
1.411
1.462
1.487
1.541
1.604
1.681
1.728
1.773
1.852
1.902
1.979
2.028
2.09
2.173
2.217
2.273
2.341
2.385
2.454
2.511
2.577
2.666
2.738
2.812
2.885
2.947
3.006
3.063
3.13
3.181
3.207
3.267
3.293
3.362
3.435
3.481
3.534
3.576
3.65
3.702
3.756
3.804
3.846
3.895
3.92
3.981
4.024
4.053
4.103
4.147
4.176
4.215
4.248
4.277
4.31
4.344
4.37
4.394
4.409
4.414
4.439
4.448
4.481
4.491
4.515
4.52
4.509
4.505
4.499
4.49
4.469
4.439
4.424
4.402
4.394
4.365
4.333
4.284
4.265
4.199
4.157
4.128
4.068
4.015
3.944
3.915
3.849
3.783
3.741
3.655
3.589
3.501
3.435
3.353
3.250
3.137
3.045
2.966
2.886
2.801
2.758
2.685
2.622
2.535
2.464
2.394
2.312
2.231
2.145
2.054
1.962
1.874
1.801
1.732
1.676
1.61
1.564
1.513
1.46
1.407
1.359
1.318
1.272
1.245
1.217
1.193
1.185
1.173
1.159
1.155
1.145
1.127
1.102
1.089
1.102
1.053
1.123
1.132
1.19
1.197
1.227
1.264
1.253
1.311
1.313
1.368
1.411
1.474
1.533
1.608
1.673
1.715
1.785
1.812
1.866
1.908
1.971
2.053
2.127
2.201
2.271
2.332
2.399
2.468
2.529
2.587
2.642
2.723
2.795
2.874
2.917
3.004
3.044
3.136
3.164
3.242
3.296
3.356
3.409
3.454
3.516
3.566
3.621
3.672
3.735
3.793
3.835
3.886
3.914
3.976
4.018
4.062
4.111
4.137
4.188
4.234
4.278
4.329
4.351
4.379
4.414
4.424
4.454
4.47
4.485
4.488
4.506
4.535
4.546
4.566
4.571
4.574
4.579
4.581
4.591
4.576
4.549
4.54
4.515
4.491
4.461
4.429
4.415
4.364
4.343
4.311
4.261
4.211
4.167
4.111
4.054
3.996
3.929
3.86
3.78
3.721
3.654
3.551
3.494
3.394
3.345
3.264
3.175
3.065
3.015
2.907
2.834
2.741
2.656
2.566
2.489
2.41
2.317
2.238
2.153
2.076
1.997
1.924
1.848
1.773
1.684
1.601
1.52
1.429
1.366
1.292
1.223
1.168
1.118
1.067
1.064
1.062
1.038
1.028
1.024
1.011
0.952
0.911
0.871
0.849
0.826
0.82
0.845
0.879
0.895
0.945
0.972
0.987
1.022
1.057
1.074
1.099
1.16
1.205
1.232
1.243
1.252
1.267
1.327
1.337
1.452
1.517
1.625
1.724
1.794
1.875
1.925
1.967
2.018
2.036
2.113
2.173
2.288
2.355
2.426
2.486
2.553
2.582
2.694
2.763
2.849
2.911
2.983
3.046
3.104
3.166
3.212
3.27
3.338
3.391
3.441
3.497
3.557
3.624
3.701
3.761
3.824
3.853
3.903
3.931
3.991
4.04
4.081
4.11
4.162
4.219
4.283
4.343
4.384
4.402
4.428
4.457
4.487
4.515
4.539
4.546
4.568
4.579
4.607
4.621
4.626
4.632
4.626
4.625
4.624
4.628
4.617
4.582
4.555
4.529
4.514
4.499
4.475
4.428
4.403
4.386
4.361
4.295
4.224
4.164
4.108
4.045
3.982
3.928
3.866
3.801
3.737
3.666
3.588
3.505
3.415
3.331
3.235
3.15
3.052
2.967
2.884
2.791
2.703
2.61
2.52
2.435
2.355
2.28
2.206
2.132
2.049
1.975
1.894
1.814
1.723
1.645
1.563
1.478
1.402
1.337
1.281
1.238
1.215
1.189
1.173
1.156
1.14
1.135
1.128
1.105
1.077
1.045
1.007
0.975
0.951
0.942
0.942
0.964
1.012
1.058
1.1
1.121
1.146
1.174
1.204
1.256
1.302
1.351
1.403
1.446
1.489
1.537
1.596
1.662
1.727
1.79
1.845
1.912
1.979
2.049
2.121
2.182
2.251
2.309
2.385
2.461
2.537
2.612
2.678
2.749
2.813
2.88
2.952
3.02
3.084
3.15
3.217
3.295
3.377
3.441
3.497
3.537
3.566
3.626
3.67
3.724
3.769
3.823
3.889
3.968
4.039
4.096
4.142
4.186
4.229
4.251
4.278
4.303
4.335
4.37
4.426
4.47
4.51
4.536
4.567
4.616
4.619
4.631
4.638
4.642
4.651
4.67
4.683
4.694
4.698
4.702
4.7
4.697
4.682
4.649
4.616
4.557
4.534
4.518
4.488
4.44
4.416
4.388
4.359
4.325
4.273
4.221
4.163
4.111
4.06
3.986
3.92
3.833
3.753
3.659
3.571
3.488
3.399
3.315
3.234
3.142
3.053
2.971
2.895
2.812
2.728
2.64
2.537
2.434
2.342
2.247
2.165
2.082
2.001
1.92
1.843
1.771
1.695
1.625
1.543
1.46
1.377
1.299
1.235
1.174
1.131
1.103
1.071
1.046
1.021
0.991
0.959
0.927
0.899
0.884
0.868
0.854
0.839
0.822
0.815
0.81
0.817
0.849
0.88
0.907
0.935
0.961
0.996
1.022
1.028
1.036
1.053
1.09
1.156
1.216
1.299
1.365
1.427
1.485
1.543
1.598
1.645
1.694
1.736
1.787
1.853
1.928
2.006
2.09
2.167
2.245
2.325
2.395
2.455
2.513
2.562
2.621
2.678
2.73
2.806
2.867
2.932
2.998
3.063
3.125
3.174
3.226
3.275
3.319
3.366
3.395
3.455
3.5
3.552
3.605
3.666
3.707
3.735
3.791
3.849
3.907
3.949
3.994
4.021
4.052
4.088
4.116
4.148
4.179
4.207
4.231
4.242
4.273
4.289
4.303
4.307
4.311
4.323
4.335
4.339
4.344
4.343
4.343
4.33
4.308
4.279
4.229
4.206
4.157
4.136
4.112
4.081
4.032
3.989
3.947
3.919
3.866
3.802
3.743
3.69
3.638
3.582
3.518
3.456
3.383
3.29
3.204
3.104
3.018
2.932
2.841
2.755
2.669
2.6
2.526
2.456
2.381
2.305
2.22
2.141
2.059
1.979
1.894
1.81
1.727
1.648
1.575
1.505
1.439
1.369
1.302
1.235
1.176
1.128
1.087
1.036
0.99
0.943
0.901
0.878
0.862
0.858
0.855
0.857
0.852
0.836
0.822
0.816
0.811
0.813
0.832
0.838
0.848
0.882
0.914
0.948
0.986
1.037
1.054
1.085
1.116
1.165
1.213
1.275
1.331
1.39
1.454
1.513
1.58
1.643
1.715
1.777
1.854
1.932
2.016
2.08
2.155
2.22
2.292
2.361
2.431
2.493
2.556
2.623
2.687
2.766
2.824
2.888
2.945
3.013
3.076
3.145
3.21
3.273
3.336
3.387
3.436
3.497
3.557
3.6
3.657
3.698
3.756
3.81
3.852
3.901
3.919
3.971
3.996
4.056
4.097
4.117
4.145
4.18
4.213
4.237
4.263
4.299
4.328
4.353
4.381
4.405
4.412
4.422
4.436
4.449
4.45
4.45
4.446
4.44
4.429
4.425
4.417
4.4
4.374
4.35
4.324
4.299
4.267
4.215
4.165
4.126
4.085
4.031
4.012
3.977
3.917
3.853
3.796
3.742
3.664
3.59
3.504
3.423
3.34
3.251
3.163
3.088
3.01
2.925
2.846
2.758
2.673
2.583
2.497
2.401
2.312
2.22
2.133
2.043
1.96
1.877
1.807
1.738
1.661
1.583
1.521
1.432
1.352
1.272
1.191
1.101
1.033
0.975
0.948
0.924
0.915
0.885
0.861
0.814
0.774
0.744
0.705
0.672
0.646
0.634
0.633
0.642
0.657
0.672
0.677
0.683
0.683
0.685
0.689
0.7
0.726
0.757
0.812
0.866
0.914
0.965
1.013
1.067
1.117
1.16
1.218
1.268
1.31
1.376
1.434
1.494
1.556
1.623
1.686
1.752
1.817
1.874
1.936
1.997
2.059
2.127
2.186
2.244
2.304
2.366
2.425
2.488
2.538
2.59
2.637
2.691
2.75
2.81
2.867
2.929
2.981
3.032
3.08
3.126
3.169
3.214
3.243
3.278
3.316
3.353
3.41
3.454
3.484
3.539
3.568
3.605
3.66
3.711
3.756
3.8
3.825
3.855
3.881
3.896
3.912
3.927
3.932
3.939
3.95
3.975
3.999
4.014
4.029
4.033
4.039
4.041
4.042
4.031
4.013
3.988
3.968
3.944
3.92
3.896
3.866
3.833
3.802
3.767
3.735
3.7
3.641
3.581
3.519
3.462
3.412
3.343
3.28
3.219
3.153
3.086
3.022
2.953
2.884
2.802
2.709
2.617
2.533
2.458
2.382
2.307
2.259
2.135
2.079
2.003
1.944
1.884
1.821
1.75
1.675
1.601
1.534
1.464
1.406
1.347
1.295
1.248
1.206
1.181
1.149
1.123
1.099
1.087
1.082
1.075
1.072
1.056
1.024
0.995
0.959
0.932
0.924
0.923
0.929
0.956
0.988
1.016
1.071
1.078
1.151
1.159
1.206
1.215
1.272
1.288
1.296
1.349
1.397
1.456
1.524
1.603
1.673
1.745
1.812
1.874
1.917
1.958
1.987
2.049
2.11
2.166
2.244
2.329
2.406
2.46
2.518
2.58
2.675
2.748
2.807
2.894
2.945
3.002
3.031
3.109
3.164
3.248
3.306
3.369
3.392
3.461
3.531
3.601
3.651
3.695
3.756
3.814
3.86
3.919
3.977
4.019
4.069
4.118
4.146
4.197
4.246
4.291
4.335
4.386
4.431
4.474
4.498
4.549
4.566
4.592
4.606
4.609
4.616
4.626
4.632
4.654
4.663
4.663
4.682
4.689
4.69
4.692
4.668
4.618
4.601
4.574
4.54
4.491
4.464
4.401
4.393
4.378
4.352
4.29
4.261
4.205
4.16
4.102
4.045
3.964
3.895
3.827
3.746
3.659
3.602
3.518
3.436
3.355
3.283
3.205
3.13
3.05
2.97
2.891
2.794
2.705
2.627
2.563
2.453
2.36
2.263
2.189
2.103
2.045
1.977
1.912
1.832
1.763
1.693
1.626
1.557
1.508
1.459
1.403
1.38
1.324
1.298
1.262
1.201
1.151
1.123
1.097
1.092
1.091
1.083
1.055
1.042
1.025
1.021
1.024
1.027
1.048
1.055
1.066
1.07
1.126
1.173
1.198
1.26
1.286
1.311
1.359
1.369
1.403
1.429
1.454
1.482
1.518
1.578
1.642
1.702
1.764
1.828
1.887
1.931
1.972
2.016
2.069
2.115
2.169
2.217
2.279
2.349
2.397
2.46
2.515
2.569
2.614
2.678
2.719
2.774
2.824
2.881
2.905
2.972
3.029
3.084
3.109
3.138
3.168
3.218
3.277
3.325
3.353
3.402
3.455
3.524
3.578
3.588
3.622
3.645
3.676
3.746
3.795
3.838
3.864
3.895
3.926
3.955
3.961
3.962
3.971
3.979
4.013
4.024
4.059
4.077
4.091
4.107
4.093
4.087
4.079
4.052
4.019
3.971
3.947
3.933
3.92
3.916
3.894
3.87
3.837
3.826
3.798
3.763
3.705
3.641
3.576
3.52
3.448
3.389
3.316
3.254
3.204
3.148
3.066
3.038
2.949
2.888
2.813
2.743
2.66
2.583
2.507
2.427
2.357
2.301
2.238
2.187
2.117
2.056
1.986
1.924
1.855
1.797
1.732
1.683
1.629
1.588
1.546
1.519
1.458
1.439
1.413
1.403
1.381
1.355
1.343
1.317
1.303
1.291
1.278
1.28
1.286
1.292
1.311
1.309
1.311
1.314
1.32
1.32
1.329
1.362
1.416
1.472
1.528
1.568
1.577
1.591
1.611
1.666
1.691
1.79
1.865
1.929
1.993
2.023
2.08
2.139
2.192
2.271
2.316
2.41
2.47
2.537
2.602
2.618
2.691
2.736
2.797
2.871
2.913
2.979
3.004
3.079
3.163
3.227
3.27
3.331
3.349
3.415
3.456
3.515
3.576
3.599
3.67
3.694
3.745
3.795
3.843
3.895
3.937
3.961
4.013
4.058
4.099
4.107
4.143
4.17
4.24
4.299
4.343
4.387
4.404
4.439
4.495
4.54
4.562
4.568
4.569
4.568
4.568
4.598
4.626
4.625
4.62
4.616
4.617
4.618
4.62
4.622
4.569
4.529
4.526
4.496
4.446
4.435
4.38
4.33
4.312
4.284
4.251
4.195
4.137
4.112
4.033
4.009
3.957
3.895
3.821
3.75
3.671
3.575
3.533
3.466
3.379
3.277
3.195
3.105
3.035
2.973
2.889
2.805
2.737
2.652
2.578
2.522
2.446
2.291
2.202
2.143
2.057
1.974
1.919
1.862
1.817
1.745
1.702
1.645
1.584
1.52
1.457
1.406
1.382
1.365
1.348
1.343
1.317
1.314
1.293
1.264
1.237
1.222
1.195
1.159
1.141
1.138
1.143
1.173
1.189
1.241
1.262
1.286
1.314
1.338
1.351
1.367
1.382
1.404
1.433
1.485
1.531
1.585
1.629
1.682
1.729
1.78
1.827
1.868
1.946
1.949
2.018
2.066
2.093
2.147
2.201
2.258
2.332
2.382
2.43
2.454
2.49
2.52
2.572
2.617
2.678
2.741
2.798
2.857
2.913
2.971
3.027
3.056
3.12
3.145
3.204
3.221
3.28
3.306
3.343
3.403
3.45
3.502
3.547
3.564
3.64
3.665
3.72
3.745
3.8
3.816
3.843
3.852
3.882
3.906
3.929
3.935
3.942
3.97
3.978
4.005
4.027
4.053
4.059
4.057
4.049
4.061
4.075
4.089
4.078
4.071
4.047
4.016
4.009
3.987
3.94
3.918
3.855
3.854
3.809
3.807
3.779
3.752
3.722
3.658
3.607
3.543
3.514
3.484
3.371
3.316
3.255
3.189
3.112
3.052
2.982
2.922
2.873
2.793
2.734
2.664
2.591
2.542
2.472
2.405
2.34
2.268
2.242
2.147
2.098
2.041
1.964
1.905
1.831
1.805
1.744
1.734
1.674
1.653
1.645
1.612
1.545
1.531
1.467
1.439
1.406
1.348
1.33
1.295
1.287
1.288
1.289
1.272
1.258
1.246
1.232
1.252
1.269
1.295
1.324
1.332
1.33
1.343
1.392
1.414
1.45
1.482
1.493
1.519
1.545
1.58
1.645
1.671
1.705
1.74
1.794
1.848
1.907
1.979
2.045
2.106
2.168
2.224
2.305
2.33
2.366
2.422
2.473
2.52
2.574
2.618
2.682
2.726
2.751
2.827
2.904
2.977
3.048
3.091
3.144
3.17
3.204
3.261
3.289
3.32
3.373
3.399
3.471
3.542
3.62
3.668
3.745
3.801
3.851
3.914
3.935
3.968
3.983
4.006
4.038
4.064
4.085
4.116
4.154
4.182
4.25
4.276
4.3
4.309
4.318
4.333
4.347
4.38
4.394
4.398
4.383
4.374
4.372
4.369
4.365
4.345
4.321
4.309
4.304
4.299
4.287
4.254
4.223
4.186
4.13
4.07
4.003
3.945
3.917
3.829
3.781
3.756
3.698
3.652
3.612
3.558
3.496
3.407
3.33
3.239
3.146
3.061
2.977
2.892
2.833
2.763
2.713
2.669
2.611
2.546
2.467
2.382
2.29
2.213
2.133
2.06
1.99
1.927
1.876
1.816
1.771
1.718
1.659
1.598
1.545
1.498
1.445
1.38
1.334
1.312
1.302
1.278
1.248
1.221
1.187
1.163
1.15
1.139
1.128
1.127
1.126
1.127
1.151
1.165
1.18
1.193
1.204
1.231
1.238
1.259
1.273
1.284
1.316
1.328
1.386
1.394
1.446
1.419
1.458
1.456
1.496
1.524
1.574
1.605
1.644
1.671
1.731
1.778
1.842
1.864
1.889
1.915
1.931
1.959
2.014
2.058
2.114
2.165
2.193
2.252
2.3
2.374
2.436
2.478
2.498
2.524
2.551
2.582
2.635
2.655
2.672
2.689
2.768
2.777
2.846
2.867
2.927
2.952
2.984
3.017
3.046
3.095
3.147
3.205
3.265
3.306
3.335
3.395
3.411
3.419
3.439
3.462
3.47
3.499
3.515
3.577
3.625
3.695
3.714
3.72
3.729
3.732
3.756
3.783
3.788
3.78
3.777
3.774
3.795
3.802
3.82
3.818
3.793
3.785
3.732
3.729
3.674
3.654
3.62
3.595
3.569
3.553
3.547
3.533
3.527
3.498
3.443
3.382
3.32
3.274
3.222
3.174
3.111
3.049
2.999
2.95
2.931
2.925
2.918
2.869
2.816
2.769
2.713
2.654
2.645
2.594
2.536
2.47
2.468
2.421
2.393
2.341
2.287
2.212
2.157
2.086
2.058
2.041
2.042
2.068
2.077
2.107
2.116
2.119
2.121
2.104
2.079
2.024
2.009
1.987
1.975
1.972
1.975
1.989
2.02
2.036
2.086
2.105
2.128
2.137
2.141
2.166
2.18
2.24
2.238
2.258
2.275
2.325
2.375
2.422
2.445
2.513
2.534
2.565
2.617
2.637
2.692
2.742
2.791
2.88
2.882
2.961
2.982
3.015
3.044
3.1
3.103
3.172
3.194
3.215
3.287
3.355
3.431
3.492
3.564
3.58
3.593
3.608
3.655
3.655
3.719
3.78
3.824
3.875
3.933
3.99
3.998
4.06
4.104
4.129
4.134
4.097
4.09
4.09
4.112
4.166
4.165
4.207
4.237
4.328
4.392
4.439
4.439
4.438
4.44
4.45
4.454
4.435
4.431
4.445
4.461
4.465
4.467
4.419
4.395
4.358
4.35
4.371
4.375
4.367
4.365
4.362
4.36
4.347
4.283
4.229
4.169
4.1
4.096
4.024
3.976
3.955
3.93
3.904
3.856
3.813
3.732
3.662
3.586
3.507
3.41
3.313
3.241
3.146
3.085
3.025
2.951
2.889
2.859
2.787
2.764
2.694
2.623
2.552
2.483
2.419
2.338
2.297
2.216
2.161
2.108
2.059
2.007
1.978
1.914
1.858
1.814
1.77
1.728
1.701
1.664
1.635
1.61
1.578
1.567
1.565
1.553
1.53
1.517
1.487
1.476
1.458
1.452
1.448
1.448
1.466
1.479
1.502
1.504
1.503
1.503
1.52
1.55
1.583
1.612
1.629
1.636
1.663
1.696
1.759
1.812
1.838
1.865
1.869
1.872
1.882
1.915
1.972
2.031
2.094
2.121
2.157
2.173
2.196
2.208
2.221
2.285
2.328
2.375
2.397
2.455
2.507
2.549
2.597
2.645
2.686
2.741
2.771
2.8
2.852
2.856
2.909
2.934
2.985
3.025
3.067
3.092
3.123
3.138
3.167
3.19
3.215
3.269
3.339
3.386
3.434
3.451
3.498
3.544
3.572
3.583
3.587
3.6
3.636
3.686
3.71
3.743
3.754
3.772
3.775
3.782
3.787
3.793
3.787
3.749
3.72
3.758
3.78
3.804
3.812
3.796
3.77
3.766
3.789
3.793
3.728
3.663
3.619
3.603
3.59
3.564
3.497
3.442
3.385
3.354
3.337
3.32
3.287
3.225
3.218
3.16
3.116
3.072
3.008
2.941
2.865
2.808
2.733
2.677
2.626
2.607
2.582
2.56
2.536
2.483
2.441
2.384
2.331
2.276
2.231
2.18
2.132
2.075
2.017
1.996
1.972
1.964
1.943
1.929
1.902
1.869
1.844
1.816
1.794
1.78
1.762
1.746
1.744
1.72
1.721
1.725
1.74
1.758
1.788
1.818
1.803
1.797
1.798
1.799
1.804
1.807
1.82
1.832
1.837
1.852
1.868
1.918
1.98
2.044
2.127
2.184
2.244
2.262
2.269
2.267
2.265
2.284
2.342
2.386
2.413
2.451
2.515
2.569
2.623
2.666
2.696
2.735
2.818
2.841
2.903
2.919
2.935
3.015
3.074
3.151
3.179
3.215
3.233
3.269
3.305
3.377
3.423
3.451
3.508
3.531
3.582
3.629
3.652
3.687
3.743
3.77
3.796
3.817
3.844
3.876
3.926
3.944
3.98
4.02
4.053
4.121
4.167
4.189
4.2
4.203
4.221
4.225
4.225
4.224
4.221
4.213
4.208
4.224
4.238
4.251
4.261
4.263
4.264
4.263
4.263
4.258
4.233
4.182
4.154
4.121
4.096
4.075
4.019
3.978
3.928
3.9
3.869
3.859
3.806
3.755
3.696
3.669
3.641
3.574
3.53
3.454
3.37
3.31
3.229
3.175
3.112
3.087
3.028
2.999
2.936
2.888
2.841
2.766
2.696
2.632
2.569
2.506
2.45
2.39
2.342
2.289
2.244
2.202
2.175
2.119
2.071
2.03
2.009
1.981
1.947
1.931
1.884
1.833
1.81
1.741
1.723
1.7
1.692
1.698
1.715
1.72
1.723
1.697
1.662
1.645
1.639
1.636
1.662
1.678
1.691
1.693
1.698
1.691
1.692
1.716
1.774
1.825
1.853
1.905
1.92
1.928
1.96
1.972
1.995
1.999
2.026
2.035
2.088
2.09
2.127
2.157
2.183
2.209
2.239
2.266
2.298
2.33
2.353
2.379
2.411
2.448
2.513
2.577
2.635
2.693
2.736
2.786
2.844
2.894
2.935
2.937
2.939
2.939
2.941
2.962
3.018
3.068
3.124
3.186
3.254
3.315
3.384
3.412
3.464
3.467
3.489
3.497
3.547
3.571
3.598
3.627
3.661
3.699
3.73
3.763
3.773
3.772
3.795
3.827
3.858
3.864
3.861
3.845
3.84
3.836
3.837
3.835
3.834
3.834
3.864
3.899
3.928
3.92
3.858
3.83
3.824
3.822
3.792
3.725
3.609
3.592
3.583
3.595
3.601
3.547
3.471
3.411
3.408
3.405
3.381
3.312
3.221
3.129
3.046
3.017
2.981
2.946
2.884
2.842
2.817
2.799
2.78
2.767
2.741
2.682
2.601
2.504
2.411
2.319
2.252
2.173
2.116
2.067
2.039
2.032
2.064
2.123
2.182
2.181
2.17
2.103
2.049
1.963
1.896
1.827
1.765
1.74
1.732
1.734
1.757
1.763
1.766
1.771
1.772
1.764
1.758
1.763
1.782
1.811
1.818
1.826
1.83
1.835
1.847
1.853
1.898
1.945
1.991
2.016
2.067
2.089
2.121
2.137
2.164
2.199
2.211
2.273
2.288
2.313
2.346
2.383
2.436
2.482
2.54
2.605
2.663
2.711
2.738
2.775
2.805
2.833
2.867
2.898
2.922
2.936
2.966
2.999
3.036
3.104
3.153
3.178
3.214
3.271
3.335
3.391
3.44
3.46
3.49
3.494
3.51
3.528
3.552
3.576
3.584
3.647
3.699
3.768
3.818
3.86
3.868
3.896
3.903
3.905
3.909
3.911
3.913
3.913
3.929
3.95
3.979
3.996
4.014
4.015
4.016
4.015
4.015
4.016
3.993
3.984
3.983
3.98
3.977
3.945
3.889
3.864
3.826
3.77
3.729
3.727
3.702
3.681
3.65
3.615
3.579
3.547
3.492
3.425
3.361
3.3
3.236
3.19
3.127
3.08
3.027
2.981
2.927
2.869
2.815
2.747
2.69
2.624
2.562
2.495
2.443
2.393
2.371
2.321
2.303
2.236
2.212
2.146
2.067
2.016
1.945
1.921
1.852
1.798
1.753
1.725
1.691
1.668
1.646
1.632
1.605
1.58
1.553
1.527
1.502
1.489
1.473
1.46
1.456
1.452
1.451
1.449
1.446
1.444
1.438
1.428
1.425
1.423
1.423
1.424
1.451
1.461
1.517
1.541
1.573
1.596
1.61
1.637
1.658
1.683
1.707
1.731
1.754
1.779
1.805
1.836
1.867
1.9
1.934
1.965
2
2.031
2.063
2.095
2.131
2.185
2.227
2.275
2.317
2.365
2.408
2.452
2.496
2.537
2.565
2.601
2.637
2.654
2.681
2.703
2.734
2.796
2.854
2.879
2.938
2.966
3.001
3.059
3.108
3.126
3.172
3.197
3.227
3.258
3.289
3.315
3.34
3.36
3.386
3.416
3.447
3.497
3.54
3.57
3.604
3.64
3.666
3.681
3.685
3.691
3.691
3.691
3.682
3.677
3.665
3.664
3.665
3.669
3.673
3.674
3.674
3.671
3.661
3.645
3.626
3.594
3.577
3.541
3.512
3.483
3.451
3.417
3.382
3.348
3.311
3.253
3.199
3.156
3.106
3.062
3.015
2.968
2.922
2.877
2.832
2.786
2.735
2.707
2.644
2.6
2.575
2.492
2.466
2.394
2.344
2.281
2.236
2.208
2.128
2.083
2.06
2.027
1.992
1.962
1.932
1.901
1.864
1.831
1.802
1.773
1.747
1.722
1.701
1.688
1.673
1.659
1.654
1.647
1.637
1.632
1.63
1.63
1.629
1.63
1.629
1.631
1.64
1.655
1.671
1.696
1.731
1.76
1.766
1.781
1.795
1.822
1.875
1.896
1.929
1.955
1.98
2.028
2.057
2.109
2.135
2.168
2.216
2.241
2.294
2.32
2.37
2.395
2.432
2.466
2.502
2.552
2.599
2.642
2.67
2.727
2.754
2.788
2.836
2.879
2.929
2.978
3.021
3.037
3.065
3.089
3.142
3.165
3.193
3.218
3.253
3.311
3.351
3.379
3.412
3.462
3.488
3.519
3.541
3.564
3.587
3.613
3.644
3.67
3.702
3.72
3.754
3.778
3.808
3.832
3.838
3.839
3.836
3.837
3.838
3.853
3.858
3.864
3.867
3.89
3.915
3.92
3.9
3.894
3.848
3.832
3.818
3.784
3.773
3.745
3.735
3.703
3.672
3.644
3.615
3.579
3.553
3.5
3.447
3.401
3.358
3.33
3.28
3.227
3.164
3.109
3.044
2.989
2.936
2.886
2.836
2.784
2.721
2.664
2.615
2.572
2.527
2.486
2.432
2.371
2.31
2.255
2.209
2.159
2.11
2.083
2.027
1.976
1.935
1.876
1.847
1.808
1.79
1.762
1.73
1.72
1.692
1.67
1.647
1.619
1.608
1.583
1.573
1.548
1.545
1.557
1.572
1.575
1.58
1.578
1.571
1.563
1.558
1.556
1.572
1.597
1.643
1.665
1.719
1.744
1.76
1.778
1.792
1.811
1.825
1.849
1.882
1.942
1.972
2.034
2.037
2.075
2.107
2.165
2.187
2.202
2.208
2.241
2.268
2.294
2.33
2.347
2.408
2.429
2.481
2.527
2.598
2.625
2.699
2.75
2.81
2.867
2.895
2.956
2.959
3.014
3.032
3.061
3.092
3.141
3.19
3.219
3.254
3.308
3.331
3.384
3.407
3.442
3.478
3.515
3.569
3.586
3.613
3.672
3.682
3.719
3.802
3.818
3.869
3.877
3.937
3.957
3.967
3.978
3.994
3.997
4.002
4
4.007
4.008
4.013
4.01
4.012
4.015
4.038
4.043
4.034
4.034
4.034
4.034
4.016
3.963
3.918
3.899
3.842
3.828
3.781
3.74
3.717
3.688
3.657
3.634
3.582
3.539
3.488
3.437
3.357
3.28
3.233
3.184
3.12
3.119
3.05
3.003
2.935
2.882
2.807
2.733
2.665
2.619
2.592
2.563
2.553
2.549
2.522
2.512
2.437
2.356
2.292
2.221
2.126
2.053
1.995
1.943
1.919
1.908
1.914
1.929
1.942
1.946
1.928
1.923
1.911
1.907
1.908
1.907
1.897
1.848
1.797
1.772
1.764
1.757
1.754
1.773
1.792
1.84
1.892
1.922
1.948
1.994
2.014
2.051
2.088
2.104
2.121
2.146
2.177
2.188
2.223
2.254
2.307
2.354
2.394
2.452
2.5
2.547
2.608
2.615
2.665
2.707
2.748
2.797
2.856
2.882
2.942
3.003
3.064
3.112
3.168
3.193
3.246
3.265
3.292
3.3
3.353
3.374
3.427
3.474
3.521
3.566
3.61
3.66
3.687
3.715
3.745
3.793
3.796
3.809
3.816
3.843
3.861
3.875
3.896
3.952
3.977
4.006
4.041
4.05
4.076
4.087
4.095
4.096
4.086
4.079
4.045
4.043
4.045
4
4.002
4
3.997
3.995
3.983
3.98
3.967
3.932
3.916
3.892
3.862
3.825
3.791
3.735
3.716
3.654
3.632
3.563
3.513
3.454
3.403
3.348
3.293
3.233
3.173
3.113
3.072
2.996
2.953
2.928
2.89
2.831
2.803
2.764
2.725
2.645
2.594
2.524
2.453
2.395
2.33
2.257
2.206
2.137
2.093
2.063
2.001
1.957
1.938
1.905
1.875
1.853
1.831
1.803
1.798
1.766
1.763
1.742
1.729
1.705
1.696
1.686
1.68
1.652
1.64
1.636
1.616
1.608
1.586
1.578
1.559
1.557
1.582
1.597
1.602
1.628
1.652
1.678
1.706
1.74
1.751
1.782
1.792
1.794
1.806
1.878
1.876
1.935
1.943
2
2.041
2.089
2.163
2.164
2.215
2.218
2.253
2.304
2.347
2.363
2.428
2.457
2.506
2.532
2.594
2.641
2.685
2.756
2.843
2.866
2.944
2.992
3.032
3.089
3.109
3.157
3.198
3.219
3.225
3.247
3.283
3.316
3.382
3.452
3.477
3.561
3.604
3.632
3.669
3.706
3.757
3.778
3.785
3.875
3.904
3.93
3.943
3.947
3.968
3.995
3.999
4.03
4.015
4.01
4.009
4.011
4.02
4.024
4.041
4.07
4.075
4.075
4.076
4.078
4.075
4.019
4.004
3.969
3.941
3.925
3.873
3.82
3.796
3.764
3.73
3.715
3.655
3.633
3.575
3.52
3.452
3.408
3.332
3.272
3.226
3.163
3.106
3.034
3.009
2.936
2.887
2.831
2.764
2.736
2.65
2.578
2.519
2.452
2.393
2.33
2.28
2.22
2.152
2.104
2.058
1.974
1.929
1.871
1.831
1.785
1.757
1.746
1.724
1.711
1.661
1.651
1.575
1.534
1.487
1.459
1.433
1.421
1.418
1.414
1.414
1.438
1.444
1.442
1.438
1.434
1.431
1.428
1.434
1.435
1.441
1.457
1.484
1.541
1.543
1.607
1.628
1.685
1.704
1.767
1.785
1.836
1.885
1.902
1.936
1.985
2.03
2.049
2.095
2.151
2.172
2.22
2.268
2.291
2.352
2.399
2.453
2.504
2.553
2.576
2.63
2.689
2.716
2.785
2.826
2.843
2.875
2.929
2.953
2.991
3.028
3.086
3.112
3.148
3.22
3.237
3.289
3.339
3.355
3.418
3.434
3.466
3.491
3.519
3.545
3.614
3.622
3.654
3.671
3.698
3.694
3.752
3.754
3.763
3.77
3.776
3.806
3.824
3.838
3.851
3.854
3.856
3.857
3.865
3.87
3.871
3.868
3.854
3.83
3.809
3.783
3.754
3.718
3.69
3.678
3.653
3.629
3.601
3.566
3.532
3.5
3.446
3.406
3.364
3.301
3.242
3.182
3.128
3.076
3.03
2.971
2.924
2.865
2.802
2.746
2.691
2.623
2.56
2.496
2.429
2.362
2.311
2.257
2.214
2.158
2.097
2.043
1.989
1.933
1.871
1.831
1.801
1.749
1.704
1.695
1.642
1.614
1.58
1.53
1.527
1.502
1.478
1.449
1.414
1.394
1.381
1.371
1.369
1.365
1.364
1.362
1.362
1.37
1.384
1.398
1.414
1.443
1.469
1.484
1.497
1.512
1.517
1.54
1.575
1.634
1.637
1.691
1.714
1.751
1.801
1.852
1.897
1.955
1.963
2.024
2.044
2.095
2.136
2.196
2.239
2.3
2.329
2.381
2.431
2.485
2.507
2.565
2.613
2.678
2.701
2.752
2.797
2.859
2.912
2.941
2.976
3.028
3.079
3.101
3.148
3.175
3.21
3.271
3.332
3.384
3.41
3.477
3.505
3.543
3.561
3.608
3.626
3.662
3.712
3.714
3.747
3.758
3.796
3.816
3.84
3.891
3.9
3.924
3.947
3.955
3.98
3.989
4
4.007
4.011
4.012
4.014
4.014
4.014
3.998
3.977
3.969
3.948
3.941
3.913
3.904
3.878
3.868
3.833
3.809
3.784
3.727
3.697
3.634
3.589
3.536
3.508
3.474
3.424
3.366
3.303
3.249
3.202
3.15
3.106
3.016
2.959
2.879
2.8
2.752
2.701
2.628
2.562
2.487
2.413
2.347
2.277
2.228
2.156
2.128
2.056
2.039
1.973
1.971
1.897
1.846
1.788
1.736
1.673
1.656
1.571
1.544
1.532
1.502
1.495
1.479
1.473
1.471
1.46
1.429
1.371
1.326
1.319
1.319
1.315
1.339
1.394
1.397
1.395
1.397
1.395
1.392
1.423
1.434
1.5
1.558
1.62
1.675
1.699
1.726
1.74
1.776
1.803
1.832
1.902
1.962
2.02
2.065
2.127
2.202
2.227
2.316
2.367
2.423
2.491
2.558
2.61
2.689
2.738
2.756
2.808
2.861
2.905
2.965
3.017
3.076
3.117
3.173
3.23
3.295
3.354
3.394
3.451
3.507
3.551
3.57
3.616
3.669
3.695
3.726
3.754
3.785
3.84
3.861
3.923
3.944
3.974
4.004
4.041
4.067
4.073
4.076
4.078
4.081
4.097
4.103
4.12
4.126
4.135
4.162
4.216
4.214
4.213
4.21
4.187
4.181
4.162
4.148
4.115
4.087
4.057
4.049
4.041
4.024
3.99
3.959
3.909
3.901
3.874
3.826
3.805
3.738
3.694
3.672
3.638
3.582
3.533
3.455
3.37
3.31
3.246
3.2
3.117
3.062
3.001
2.961
2.918
2.867
2.813
2.743
2.678
2.594
2.519
2.447
2.376
2.32
2.258
2.204
2.164
2.12
2.078
2.038
1.979
1.925
1.877
1.849
1.796
1.755
1.687
1.66
1.644
1.627
1.612
1.582
1.574
1.555
1.547
1.544
1.54
1.54
1.543
1.546
1.572
1.578
1.602
1.638
1.668
1.675
1.704
1.737
1.746
1.767
1.796
1.831
1.89
1.916
1.986
2.044
2.07
2.127
2.155
2.219
2.244
2.298
2.321
2.389
2.459
2.517
2.583
2.675
2.732
2.782
2.838
2.912
2.972
2.996
3.059
3.106
3.152
3.198
3.225
3.262
3.294
3.323
3.386
3.409
3.465
3.529
3.581
3.651
3.699
3.756
3.777
3.793
3.821
3.834
3.849
3.878
3.888
3.898
3.914
3.948
3.999
4.052
4.094
4.138
4.154
4.178
4.192
4.23
4.214
4.205
4.203
4.2
4.205
4.218
4.216
4.186
4.17
4.164
4.162
4.165
4.166
4.162
4.136
4.123
4.107
4.076
4.022
3.963
3.911
3.87
3.861
3.826
3.777
3.727
3.699
3.64
3.616
3.557
3.491
3.429
3.38
3.317
3.234
3.187
3.114
3.05
2.971
2.905
2.832
2.757
2.682
2.613
2.553
2.497
2.453
2.385
2.318
2.246
2.219
2.134
2.089
2.017
1.967
1.89
1.831
1.766
1.693
1.647
1.598
1.573
1.536
1.519
1.493
1.46
1.436
1.409
1.376
1.364
1.342
1.309
1.298
1.287
1.282
1.302
1.266
1.295
1.312
1.329
1.347
1.359
1.386
1.391
1.369
1.386
1.397
1.423
1.479
1.506
1.517
1.579
1.6
1.68
1.737
1.813
1.881
1.947
1.994
2.044
2.071
2.088
2.119
2.142
2.192
2.234
2.293
2.344
2.408
2.483
2.558
2.609
2.656
2.702
2.748
2.8
2.863
2.911
2.963
2.988
3.038
3.115
3.164
3.223
3.245
3.274
3.338
3.347
3.417
3.457
3.515
3.562
3.609
3.651
3.677
3.729
3.746
3.768
3.783
3.797
3.821
3.834
3.882
3.903
3.936
3.973
4.01
4.047
4.063
4.089
4.112
4.141
4.149
4.151
4.151
4.152
4.153
4.151
4.152
4.15
4.148
4.13
4.106
4.092
4.057
4.041
4.007
3.979
3.933
3.911
3.882
3.85
3.823
3.795
3.746
3.743
3.712
3.679
3.628
3.558
3.489
3.424
3.354
3.281
3.193
3.11
3.027
2.966
2.921
2.871
2.852
2.791
2.751
2.706
2.679
2.651
2.605
2.551
2.472
2.383
2.291
2.215
2.151
2.1
2.072
2.021
2.002
1.973
1.958
1.953
1.946
1.934
1.928
1.905
1.9
1.889
1.875
1.831
1.821
1.816
1.814
1.824
1.828
1.832
1.83
1.846
1.8
1.829
1.846
1.921
1.965
1.987
2.02
2.049
2.079
2.104
2.127
2.14
2.188
2.212
2.242
2.307
2.333
2.386
2.412
2.47
2.524
2.572
2.63
2.679
2.731
2.796
2.85
2.895
2.948
2.969
3.005
3.037
3.089
3.114
3.167
3.218
3.247
3.311
3.379
3.431
3.491
3.541
3.54
3.603
3.645
3.706
3.734
3.791
3.834
3.863
3.922
3.948
3.982
4.02
4.052
4.087
4.123
4.154
4.188
4.216
4.243
4.274
4.304
4.336
4.363
4.416
4.442
4.476
4.494
4.519
4.525
4.527
4.535
4.539
4.543
4.534
4.52
4.459
4.404
4.4
4.376
4.347
4.33
4.328
4.341
4.354
4.386
4.396
4.374
4.337
4.32
4.29
4.217
4.12
4.025
3.942
3.86
3.791
3.761
3.707
3.657
3.614
3.567
3.551
3.517
3.429
3.376
3.271
3.194
3.102
3.031
2.937
2.841
2.749
2.656
2.606
2.533
2.503
2.471
2.408
2.365
2.336
2.262
2.196
2.137
2.054
1.995
1.91
1.847
1.821
1.757
1.734
1.707
1.697
1.669
1.663
1.643
1.633
1.581
1.574
1.49
1.464
1.436
1.426
1.415
1.416
1.377
1.395
1.412
1.451
1.566
1.61
1.683
1.682
1.681
1.701
1.691
1.707
1.722
1.738
1.755
1.831
1.852
1.961
2.027
2.099
2.172
2.2
2.212
2.241
2.277
2.362
2.46
2.511
2.578
2.6
2.608
2.62
2.653
2.71
2.776
2.85
2.928
3.015
3.061
3.152
3.207
3.229
3.318
3.345
3.381
3.393
3.458
3.502
3.55
3.557
3.589
3.639
3.668
3.706
3.784
3.809
3.873
3.93
3.977
4.001
4.065
4.085
4.112
4.138
4.173
4.2
4.215
4.216
4.221
4.244
4.258
4.263
4.289
4.312
4.334
4.342
4.389
4.369
4.406
4.396
4.392
4.372
4.324
4.314
4.301
4.288
4.256
4.248
4.246
4.183
4.155
4.128
4.099
4.043
3.98
3.959
3.9
3.849
3.804
3.781
3.733
3.692
3.632
3.581
3.54
3.475
3.404
3.327
3.239
3.147
3.078
3.001
2.932
2.855
2.791
2.746
2.7
2.679
2.614
2.585
2.521
2.457
2.394
2.329
2.269
2.213
2.148
2.1
2.04
2.011
1.954
1.927
1.91
1.882
1.849
1.816
1.763
1.739
1.73
1.72
1.701
1.686
1.685
1.684
1.688
1.69
1.693
1.719
1.724
1.738
1.745
1.748
1.748
1.773
1.825
1.853
1.911
1.936
1.963
2.011
2.019
2.073
2.1
2.118
2.165
2.217
2.279
2.349
2.428
2.476
2.535
2.587
2.649
2.709
2.829
2.884
2.911
2.904
2.92
2.936
2.99
3.052
3.112
3.199
3.281
3.345
3.412
3.494
3.562
3.604
3.608
3.609
3.637
3.664
3.725
3.789
3.848
3.865
3.894
3.943
3.994
4.052
4.095
4.105
4.161
4.201
4.266
4.281
4.287
4.286
4.284
4.285
4.306
4.313
4.345
4.361
4.411
4.453
4.516
4.517
4.536
4.55
4.562
4.564
4.542
4.518
4.491
4.457
4.424
4.408
4.393
4.392
4.402
4.406
4.407
4.404
4.392
4.366
4.278
4.215
4.123
4.066
4.02
3.955
3.935
3.869
3.863
3.828
3.772
3.709
3.634
3.544
3.47
3.397
3.324
3.245
3.189
3.126
3.074
3.019
2.953
2.883
2.81
2.725
2.636
2.551
2.471
2.395
2.312
2.249
2.186
2.135
2.079
2.024
1.96
1.907
1.854
1.807
1.78
1.752
1.737
1.645
1.62
1.564
1.548
1.526
1.519
1.499
1.473
1.44
1.411
1.382
1.372
1.37
1.383
1.41
1.418
1.434
1.442
1.455
1.462
1.476
1.509
1.532
1.578
1.604
1.653
1.656
1.678
1.705
1.753
1.777
1.807
1.841
1.874
1.909
1.979
2.055
2.132
2.211
2.289
2.343
2.399
2.45
2.457
2.49
2.507
2.534
2.547
2.63
2.647
2.714
2.779
2.853
2.929
2.979
3.038
3.104
3.158
3.198
3.206
3.224
3.247
3.277
3.331
3.358
3.385
3.409
3.434
3.461
3.519
3.569
3.631
3.657
3.727
3.773
3.829
3.858
3.87
3.87
3.872
3.872
3.87
3.873
3.901
3.929
3.944
3.978
3.992
4.008
4.025
4.029
4.032
4.002
3.968
3.952
3.929
3.915
3.903
3.88
3.858
3.833
3.825
3.798
3.764
3.728
3.698
3.667
3.63
3.593
3.538
3.511
3.474
3.417
3.39
3.335
3.291
3.225
3.165
3.076
2.99
2.914
2.83
2.751
2.682
2.617
2.576
2.525
2.478
2.429
2.365
2.296
2.23
2.162
2.093
2.03
1.958
1.899
1.84
1.787
1.74
1.714
1.684
1.63
1.628
1.556
1.555
1.532
1.504
1.468
1.418
1.368
1.309
1.292
1.282
1.254
1.247
1.247
1.249
1.269
1.282
1.298
1.31
1.313
1.319
1.323
1.358
1.385
1.419
1.443
1.472
1.489
1.55
1.593
1.615
1.677
1.702
1.741
1.796
1.85
1.875
1.913
1.996
2.015
2.046
2.106
2.159
2.206
2.271
2.343
2.39
2.449
2.502
2.544
2.618
2.668
2.744
2.791
2.86
2.908
2.968
3.021
3.049
3.085
3.093
3.147
3.195
3.238
3.297
3.34
3.361
3.419
3.47
3.516
3.568
3.587
3.634
3.643
3.67
3.718
3.741
3.817
3.838
3.863
3.885
3.915
3.933
3.946
3.957
3.96
3.979
3.988
4.021
4.04
4.044
4.048
4.049
4.048
4.049
4.031
4.023
4.001
3.98
3.973
3.971
3.966
3.943
3.937
3.91
3.904
3.895
3.83
3.787
3.757
3.698
3.672
3.635
3.575
3.525
3.501
3.438
3.388
3.335
3.289
3.235
3.159
3.094
3.027
2.923
2.835
2.768
2.696
2.611
2.555
2.467
2.42
2.357
2.33
2.254
2.225
2.152
2.091
2.027
1.963
1.886
1.82
1.753
1.729
1.607
1.588
1.552
1.488
1.465
1.401
1.355
1.315
1.314
1.225
1.224
1.163
1.141
1.117
1.09
1.073
1.07
1.065
1.065
1.085
1.112
1.127
1.143
1.146
1.147
1.136
1.13
1.128
1.138
1.154
1.187
1.217
1.288
1.346
1.387
1.429
1.458
1.487
1.512
1.539
1.569
1.6
1.658
1.683
1.734
1.796
1.847
1.897
1.942
1.989
2.053
2.103
2.152
2.205
2.249
2.278
2.365
2.394
2.454
2.496
2.543
2.603
2.661
2.709
2.737
2.768
2.798
2.856
2.906
2.967
3.013
3.063
3.106
3.163
3.219
3.269
3.29
3.299
3.309
3.336
3.362
3.417
3.42
3.47
3.492
3.519
3.567
3.595
3.631
3.657
3.667
3.678
3.684
3.698
3.718
3.735
3.74
3.746
3.749
3.761
3.768
3.774
3.772
3.747
3.72
3.695
3.674
3.666
3.637
3.614
3.588
3.579
3.569
3.551
3.527
3.472
3.422
3.369
3.328
3.285
3.256
3.206
3.145
3.118
3.064
3.009
2.944
2.883
2.811
2.743
2.669
2.605
2.539
2.483
2.443
2.417
2.383
2.307
2.257
2.198
2.138
2.087
2.064
1.98
1.916
1.867
1.745
1.681
1.631
1.611
1.599
1.583
1.547
1.536
1.486
1.465
1.441
1.426
1.374
1.381
1.384
1.386
1.386
1.385
1.361
1.336
1.313
1.291
1.288
1.322
1.357
1.386
1.402
1.433
1.443
1.496
1.519
1.579
1.602
1.63
1.653
1.682
1.707
1.764
1.805
1.869
1.892
1.965
1.993
2.057
2.129
2.158
2.21
2.263
2.313
2.373
2.424
2.477
2.534
2.564
2.65
2.734
2.812
2.863
2.937
2.992
3.02
3.079
3.105
3.121
3.185
3.194
3.253
3.306
3.377
3.445
3.516
3.566
3.632
3.683
3.731
3.782
3.809
3.844
3.874
3.909
3.939
3.955
3.989
4.024
4.054
4.089
4.14
4.189
4.208
4.244
4.277
4.308
4.322
4.352
4.37
4.385
4.383
4.381
4.38
4.377
4.381
4.385
4.37
4.367
4.376
4.378
4.369
4.362
4.334
4.318
4.291
4.239
4.238
4.173
4.147
4.094
4.085
4.051
4.033
3.997
3.948
3.886
3.857
3.794
3.723
3.627
3.551
3.459
3.352
3.273
3.195
3.104
3.042
2.987
2.925
2.904
2.853
2.83
2.751
2.674
2.628
2.57
2.507
2.44
2.414
2.277
2.252
2.159
2.134
2.055
2.034
1.957
1.931
1.873
1.822
1.793
1.767
1.761
1.758
1.748
1.732
1.708
1.649
1.597
1.548
1.529
1.519
1.518
1.51
1.507
1.511
1.517
1.568
1.618
1.71
1.754
1.755
1.736
1.71
1.713
1.789
1.859
1.926
1.934
1.946
1.949
1.943
1.942
1.924
1.925
1.95
1.997
2.068
2.162
2.265
2.343
2.397
2.491
2.509
2.568
2.622
2.639
2.693
2.733
2.785
2.84
2.906
2.948
2.976
3.005
3.015
3.018
3.031
3.036
3.041
3.042
3.1
3.159
3.225
3.318
3.393
3.452
3.532
3.573
3.641
3.649
3.714
3.734
3.75
3.733
3.724
3.721
3.723
3.723
3.726
3.758
3.784
3.849
3.9
3.928
3.959
3.996
4.006
4.015
4.029
4.028
4.004
4
3.997
3.987
3.958
3.943
3.928
3.923
3.875
3.854
3.82
3.788
3.777
3.755
3.73
3.682
3.666
3.635
3.602
3.546
3.486
3.458
3.406
3.36
3.3
3.275
3.219
3.151
3.091
3.033
3.016
2.948
2.9
2.827
2.732
2.667
2.586
2.511
2.408
2.351
2.291
2.24
2.211
2.136
2.135
2.092
2.021
1.968
1.867
